# ----- Rotor performance tables for the IEA 15 MW offshore reference model monopile configuration wind turbine ----- 
# ------------ Written on Jun-24-20 using the ROSCO toolbox ------------ 

# Pitch angle vector - x axis (matrix columns) (deg)
-5.0   -4.082   -3.163   -2.245   -1.327   -0.4082   0.5102   1.429   2.347   3.265   4.184   5.102   6.02   6.939   7.857   8.776   9.694   10.61   11.53   12.45   13.37   14.29   15.2   16.12   17.04   17.96   18.88   19.8   20.71   21.63   22.55   23.47   24.39   25.31   26.22   27.14   28.06   28.98   29.9   30.82   31.73   32.65   33.57   34.49   35.41   36.33   37.24   38.16   39.08   40.0   
# TSR vector - y axis (matrix rows) (-)
1.0    1.245    1.49    1.735    1.98    2.224    2.469    2.714    2.959    3.204    3.449    3.694    3.939    4.184    4.429    4.673    4.918    5.163    5.408    5.653    5.898    6.143    6.388    6.633    6.878    7.122    7.367    7.612    7.857    8.102    8.347    8.592    8.837    9.082    9.327    9.571    9.816    10.06    10.31    10.55    10.8    11.04    11.29    11.53    11.78    12.02    12.27    12.51    12.76    13.0    
# Wind speed vector - z axis (m/s)
10.3    

# Power coefficient

-0.002429   -0.001712   -0.000994   -0.000277   0.000439   0.001155   0.001868   0.002579   0.003288   0.003992   0.004693   0.005389   0.006080   0.006765   0.007443   0.008114   0.008777   0.009432   0.010078   0.010714   0.011340   0.011955   0.012558   0.013149   0.013728   0.014295   0.014850   0.015395   0.015929   0.016454   0.016973   0.017486   0.017995   0.018503   0.019012   0.019524   0.020041   0.020568   0.021107   0.021663   0.022239   0.022840   0.023467   0.024109   0.024746   0.025354   0.025905   0.026375   0.026745   0.027010   
-0.002399   -0.001345   -0.000293   0.000756   0.001799   0.002838   0.003869   0.004894   0.005910   0.006917   0.007913   0.008899   0.009872   0.010832   0.011778   0.012708   0.013623   0.014521   0.015403   0.016268   0.017118   0.017954   0.018778   0.019591   0.020397   0.021196   0.021993   0.022790   0.023590   0.024397   0.025213   0.026043   0.026891   0.027763   0.028665   0.029603   0.030575   0.031558   0.032514   0.033396   0.034159   0.034766   0.035198   0.035465   0.035586   0.035596   0.035538   0.035424   0.035278   0.035076   
-0.001785   -0.000314   0.001149   0.002601   0.004042   0.005469   0.006881   0.008278   0.009657   0.011017   0.012356   0.013674   0.014970   0.016244   0.017496   0.018728   0.019943   0.021141   0.022327   0.023504   0.024674   0.025841   0.027010   0.028184   0.029367   0.030564   0.031781   0.033023   0.034298   0.035615   0.036984   0.038403   0.039833   0.041205   0.042436   0.043453   0.044212   0.044715   0.044987   0.045073   0.045031   0.044910   0.044723   0.044510   0.044182   0.043659   0.042964   0.041969   0.040582   0.039219   
-0.000523   0.001445   0.003395   0.005323   0.007228   0.009108   0.010961   0.012785   0.014580   0.016345   0.018083   0.019794   0.021483   0.023153   0.024806   0.026449   0.028084   0.029716   0.031350   0.032992   0.034647   0.036322   0.038023   0.039759   0.041540   0.043379   0.045295   0.047284   0.049276   0.051147   0.052758   0.054015   0.054897   0.055436   0.055697   0.055755   0.055689   0.055542   0.055354   0.055074   0.054582   0.053852   0.052749   0.051196   0.049148   0.046659   0.044232   0.040894   0.037151   0.033205   
0.001401   0.003947   0.006459   0.008935   0.011372   0.013771   0.016133   0.018460   0.020754   0.023022   0.025266   0.027491   0.029704   0.031909   0.034112   0.036320   0.038540   0.040780   0.043047   0.045352   0.047708   0.050129   0.052638   0.055262   0.057970   0.060604   0.062938   0.064796   0.066129   0.066986   0.067465   0.067674   0.067716   0.067680   0.067602   0.067420   0.066986   0.066197   0.064877   0.062975   0.060416   0.057301   0.053670   0.049923   0.045434   0.040509   0.035333   0.030767   0.025087   0.019513   
0.003970   0.007175   0.010330   0.013437   0.016499   0.019520   0.022503   0.025457   0.028385   0.031294   0.034191   0.037083   0.039979   0.042886   0.045815   0.048776   0.051782   0.054849   0.057998   0.061256   0.064667   0.068218   0.071696   0.074750   0.077126   0.078797   0.079876   0.080517   0.080864   0.081066   0.081221   0.081367   0.081291   0.080851   0.079748   0.077914   0.075209   0.071723   0.067555   0.062780   0.057919   0.052264   0.046144   0.039743   0.033922   0.027021   0.020176   0.013023   0.006075   -0.001019   
0.007157   0.011125   0.015038   0.018900   0.022719   0.026500   0.030252   0.033981   0.037697   0.041408   0.045125   0.048860   0.052623   0.056431   0.060303   0.064264   0.068339   0.072572   0.077028   0.081592   0.085819   0.089231   0.091686   0.093337   0.094406   0.095098   0.095608   0.096108   0.096650   0.096969   0.096789   0.095695   0.093588   0.090312   0.086053   0.080952   0.075137   0.069000   0.062342   0.055159   0.047533   0.040234   0.032116   0.023981   0.015429   0.006957   -0.001531   -0.010210   -0.018829   -0.027438   
0.010985   0.015855   0.020670   0.025437   0.030165   0.034864   0.039544   0.044215   0.048892   0.053588   0.058316   0.063099   0.067965   0.072947   0.078068   0.083381   0.088985   0.094703   0.099860   0.103852   0.106648   0.108551   0.109870   0.110868   0.111815   0.112887   0.113935   0.114527   0.114013   0.112179   0.108807   0.104102   0.098301   0.091613   0.084517   0.076857   0.068367   0.059709   0.050949   0.041757   0.031720   0.022059   0.012055   0.001914   -0.008518   -0.018682   -0.029054   -0.039232   -0.049055   -0.058295   
0.015508   0.021437   0.027313   0.033147   0.038951   0.044739   0.050526   0.056328   0.062161   0.068053   0.074040   0.080166   0.086448   0.092920   0.099733   0.106801   0.113289   0.118316   0.121831   0.124290   0.126117   0.127651   0.129248   0.131137   0.132946   0.133862   0.133214   0.130567   0.126086   0.120043   0.112786   0.104632   0.096069   0.086851   0.077074   0.067029   0.056543   0.045387   0.033849   0.022505   0.010727   -0.001499   -0.013733   -0.025700   -0.037955   -0.049961   -0.061557   -0.072467   -0.082520   -0.092172   
0.020772   0.027929   0.035039   0.042117   0.049182   0.056251   0.063343   0.070487   0.077728   0.085122   0.092694   0.100426   0.108450   0.116954   0.125248   0.131986   0.136760   0.140142   0.142745   0.145019   0.147425   0.150331   0.153254   0.154908   0.154398   0.151322   0.145948   0.138775   0.130205   0.120726   0.110991   0.099997   0.088816   0.077373   0.065365   0.052248   0.039402   0.025698   0.012002   -0.002129   -0.016192   -0.030185   -0.044567   -0.058701   -0.072407   -0.085370   -0.097403   -0.108838   -0.119582   -0.129669   
0.026815   0.035382   0.043915   0.052434   0.060960   0.069519   0.078160   0.086952   0.095946   0.105105   0.114412   0.124201   0.134461   0.143710   0.150593   0.155433   0.159144   0.162373   0.165687   0.169721   0.174142   0.177216   0.177496   0.174537   0.168718   0.160708   0.151070   0.140644   0.128883   0.116882   0.104556   0.091607   0.077755   0.062974   0.048395   0.033128   0.017072   0.000885   -0.015160   -0.031175   -0.047814   -0.064366   -0.080533   -0.095921   -0.110329   -0.124121   -0.136951   -0.149048   -0.160397   -0.170880   
0.033671   0.043848   0.054008   0.064176   0.074390   0.084726   0.095271   0.106033   0.116891   0.127905   0.139646   0.151697   0.161872   0.169149   0.174487   0.178969   0.183317   0.188383   0.194512   0.199832   0.201962   0.199983   0.194371   0.185991   0.175615   0.164176   0.151182   0.137917   0.124504   0.110178   0.094504   0.078476   0.061917   0.044857   0.026786   0.008437   -0.009763   -0.027849   -0.046683   -0.065739   -0.084688   -0.102913   -0.120149   -0.136698   -0.152167   -0.166766   -0.180479   -0.193171   -0.205239   -0.216501   
0.041374   0.053374   0.065379   0.077445   0.089680   0.102173   0.114857   0.127527   0.140375   0.154222   0.168204   0.179546   0.187619   0.193875   0.199542   0.205538   0.213040   0.221190   0.226542   0.226853   0.222424   0.214395   0.203781   0.191717   0.177763   0.163370   0.148685   0.132194   0.115937   0.098490   0.080862   0.061763   0.041826   0.021627   0.000901   -0.019604   -0.040444   -0.061807   -0.083522   -0.104905   -0.125421   -0.145235   -0.163943   -0.181508   -0.198098   -0.213530   -0.228130   -0.241907   -0.254795   -0.267123   
0.049953   0.064001   0.078124   0.092464   0.107097   0.121862   0.136478   0.151265   0.167349   0.183545   0.196493   0.205808   0.213367   0.220608   0.228858   0.239316   0.249008   0.253498   0.251772   0.245184   0.235102   0.223012   0.208541   0.193327   0.177313   0.159871   0.142344   0.123569   0.104203   0.084140   0.062590   0.040283   0.017684   -0.005225   -0.028641   -0.052032   -0.076072   -0.100459   -0.124697   -0.148096   -0.170519   -0.191769   -0.211757   -0.230501   -0.248263   -0.264919   -0.280499   -0.295439   -0.309523   -0.322492   
0.059431   0.075822   0.092475   0.109444   0.126472   0.143198   0.160012   0.178420   0.197217   0.212341   0.223365   0.232578   0.241758   0.252841   0.266368   0.277061   0.280418   0.276923   0.268543   0.257315   0.243010   0.227502   0.210863   0.192447   0.173834   0.153863   0.133288   0.111846   0.089189   0.065650   0.040996   0.015768   -0.009962   -0.035877   -0.062128   -0.088807   -0.116350   -0.143494   -0.170161   -0.195582   -0.219737   -0.242334   -0.263931   -0.284203   -0.303234   -0.321066   -0.338184   -0.354310   -0.369089   -0.382123   
0.069892   0.089066   0.108581   0.128085   0.147125   0.166056   0.186802   0.208593   0.226561   0.239796   0.250993   0.262444   0.276897   0.293565   0.304906   0.307182   0.302306   0.292720   0.280117   0.265087   0.248519   0.229293   0.210266   0.189349   0.167094   0.145205   0.121484   0.096817   0.070796   0.043729   0.016130   -0.012504   -0.041210   -0.070314   -0.099868   -0.130284   -0.160936   -0.191062   -0.219891   -0.247224   -0.273086   -0.297789   -0.320948   -0.342702   -0.363113   -0.382733   -0.401230   -0.418165   -0.433072   -0.445561   
0.081550   0.103833   0.126057   0.147661   0.168846   0.191859   0.216925   0.238457   0.254473   0.267979   0.281989   0.300270   0.320042   0.331933   0.333587   0.327939   0.318060   0.304108   0.289126   0.270200   0.251087   0.229685   0.206614   0.183911   0.159066   0.133401   0.106759   0.078566   0.049536   0.018961   -0.012411   -0.044001   -0.075931   -0.108623   -0.141874   -0.176224   -0.210192   -0.242820   -0.273626   -0.303305   -0.331544   -0.358015   -0.382768   -0.406220   -0.428704   -0.449946   -0.469448   -0.486542   -0.501085   -0.513112   
0.094485   0.119700   0.144156   0.167820   0.193000   0.221388   0.247164   0.266619   0.282793   0.299582   0.321925   0.344857   0.357653   0.359256   0.354099   0.343329   0.330213   0.313324   0.294503   0.273958   0.250727   0.227572   0.202088   0.175736   0.148393   0.119480   0.089424   0.057879   0.024806   -0.009048   -0.043619   -0.078909   -0.114643   -0.150886   -0.188770   -0.226830   -0.263678   -0.298564   -0.332319   -0.364567   -0.394833   -0.422989   -0.449891   -0.475630   -0.500031   -0.522562   -0.542438   -0.559426   -0.573463   -0.585324   
0.108268   0.135894   0.162366   0.189692   0.221169   0.251664   0.275279   0.294550   0.314276   0.340982   0.367294   0.381397   0.383709   0.379026   0.369300   0.356215   0.338587   0.320449   0.298045   0.274845   0.249685   0.222779   0.194875   0.165879   0.135134   0.103352   0.069416   0.034188   -0.002286   -0.040086   -0.078582   -0.117259   -0.156743   -0.198040   -0.240245   -0.281467   -0.321104   -0.359374   -0.396127   -0.430738   -0.462879   -0.493566   -0.522967   -0.550961   -0.577016   -0.600235   -0.620245   -0.636809   -0.650657   -0.663233   
0.122101   0.151772   0.181411   0.215595   0.250859   0.279245   0.302131   0.324941   0.356501   0.386236   0.402185   0.406716   0.402604   0.395270   0.381555   0.366517   0.346305   0.323635   0.300420   0.274009   0.245957   0.217136   0.186229   0.153840   0.120224   0.084311   0.046877   0.007869   -0.032823   -0.074496   -0.116488   -0.159134   -0.203621   -0.249785   -0.295810   -0.340441   -0.383656   -0.425388   -0.464950   -0.501645   -0.536594   -0.570086   -0.602121   -0.632083   -0.659368   -0.683062   -0.702796   -0.719131   -0.733581   -0.747939   
0.135204   0.167527   0.204159   0.243872   0.277242   0.304084   0.330112   0.366656   0.400141   0.418665   0.425707   0.424997   0.418267   0.406681   0.392164   0.372627   0.351337   0.327138   0.300289   0.272173   0.241625   0.209424   0.176091   0.140336   0.102643   0.063488   0.021846   -0.021558   -0.066030   -0.111369   -0.157660   -0.205282   -0.254722   -0.305684   -0.355713   -0.404300   -0.451436   -0.496559   -0.538484   -0.578236   -0.616284   -0.652813   -0.687293   -0.719137   -0.747234   -0.770909   -0.790405   -0.807162   -0.823246   -0.840367   
0.147153   0.185996   0.230098   0.269189   0.300396   0.329133   0.369256   0.406966   0.429604   0.439617   0.442999   0.438216   0.430351   0.416612   0.399218   0.378896   0.354824   0.328102   0.299758   0.268517   0.235342   0.200816   0.163670   0.124419   0.083252   0.039769   -0.006107   -0.053146   -0.102018   -0.151870   -0.202777   -0.255339   -0.310494   -0.366003   -0.420410   -0.473325   -0.524525   -0.572457   -0.617668   -0.660780   -0.702265   -0.741747   -0.778727   -0.811956   -0.840439   -0.863968   -0.883686   -0.901815   -0.920541   -0.941215   
0.160207   0.208137   0.254043   0.290970   0.322846   0.365622   0.405839   0.431402   0.446363   0.453942   0.453880   0.449539   0.438503   0.423703   0.405412   0.382693   0.357297   0.328851   0.297460   0.264017   0.228349   0.190115   0.149600   0.106925   0.061655   0.013881   -0.035974   -0.087912   -0.141278   -0.195714   -0.251397   -0.309980   -0.370506   -0.431044   -0.490113   -0.547594   -0.602452   -0.653949   -0.702717   -0.749637   -0.794589   -0.837229   -0.876281   -0.910474   -0.939075   -0.962684   -0.983426   -1.003945   -1.026154   -1.051052   
0.176870   0.229830   0.274333   0.310921   0.354667   0.396342   0.423481   0.443455   0.455065   0.462340   0.462181   0.456509   0.445549   0.429970   0.409646   0.386044   0.358725   0.327889   0.294772   0.258389   0.219448   0.178255   0.134427   0.087414   0.037580   -0.014210   -0.068909   -0.125514   -0.183323   -0.242677   -0.304275   -0.368847   -0.435248   -0.500867   -0.564998   -0.627183   -0.685957   -0.741150   -0.794026   -0.844912   -0.893686   -0.939161   -0.979915   -1.014716   -1.043423   -1.067692   -1.090424   -1.114243   -1.140632   -1.170385   
0.194801   0.248306   0.291977   0.338191   0.379940   0.408286   0.429422   0.445929   0.458017   0.464897   0.466423   0.461969   0.450695   0.434670   0.413827   0.388356   0.358973   0.326659   0.290468   0.251310   0.209599   0.164945   0.116852   0.065649   0.011418   -0.044991   -0.104464   -0.165692   -0.228741   -0.293526   -0.361160   -0.432441   -0.504620   -0.575657   -0.645339   -0.712318   -0.774982   -0.834310   -0.891756   -0.947113   -0.999504   -1.047543   -1.089633   -1.124831   -1.153950   -1.179702   -1.205383   -1.233254   -1.264467   -1.299688   
0.210623   0.263746   0.314565   0.357803   0.387060   0.409554   0.428286   0.443647   0.456026   0.464966   0.468760   0.464834   0.454625   0.438307   0.416336   0.389564   0.359052   0.323891   0.285191   0.243477   0.198462   0.149707   0.097566   0.041999   -0.016261   -0.077848   -0.142371   -0.209054   -0.277404   -0.347969   -0.422679   -0.500574   -0.578675   -0.655845   -0.731453   -0.802855   -0.869732   -0.934113   -0.996489   -1.056222   -1.112095   -1.162390   -1.205497   -1.241118   -1.271231   -1.299395   -1.328869   -1.361449   -1.398118   -1.439410   
0.223907   0.282777   0.329330   0.359544   0.385170   0.405196   0.422437   0.438166   0.451407   0.462243   0.467953   0.466737   0.457319   0.440707   0.418402   0.390664   0.357652   0.320579   0.279278   0.234502   0.185601   0.133327   0.077286   0.017044   -0.046751   -0.113442   -0.183280   -0.255378   -0.329264   -0.406677   -0.488655   -0.573360   -0.657870   -0.741924   -0.823054   -0.898857   -0.970933   -1.040759   -1.108238   -1.172347   -1.231509   -1.283743   -1.327667   -1.364003   -1.395878   -1.427366   -1.461347   -1.499274   -1.542031   -1.589982   
0.238502   0.291417   0.325519   0.353482   0.377388   0.397946   0.415633   0.432096   0.445885   0.457948   0.465940   0.467065   0.458647   0.442636   0.419729   0.390324   0.355803   0.316158   0.272389   0.223996   0.171467   0.115484   0.054543   -0.010529   -0.079117   -0.151527   -0.226939   -0.304548   -0.384974   -0.469569   -0.559122   -0.650633   -0.742827   -0.833712   -0.919988   -1.001012   -1.078843   -1.154452   -1.227147   -1.295584   -1.357800   -1.411680   -1.456415   -1.493976   -1.528478   -1.564111   -1.603242   -1.647158   -1.696643   -1.751808   
0.241551   0.282620   0.315777   0.342493   0.367251   0.388124   0.407596   0.424215   0.439588   0.452292   0.462330   0.465695   0.459730   0.443775   0.419945   0.389603   0.352929   0.311186   0.264140   0.212774   0.156753   0.095719   0.030063   -0.039744   -0.114078   -0.192135   -0.273204   -0.357188   -0.444426   -0.536764   -0.633789   -0.733543   -0.833516   -0.930962   -1.022797   -1.109594   -1.193740   -1.275363   -1.353350   -1.426021   -1.491038   -1.546342   -1.592104   -1.631551   -1.669562   -1.710050   -1.754963   -1.805531   -1.862381   -1.925264   
0.229080   0.269331   0.301511   0.328447   0.354953   0.377586   0.397596   0.416120   0.432132   0.446326   0.457316   0.463774   0.459142   0.443755   0.419804   0.387906   0.349601   0.305000   0.255349   0.200425   0.139965   0.074811   0.004178   -0.071350   -0.151324   -0.235103   -0.322665   -0.413160   -0.507738   -0.607956   -0.713735   -0.821959   -0.929825   -1.034041   -1.131630   -1.224969   -1.315838   -1.403649   -1.486980   -1.563748   -1.631307   -1.687955   -1.735137   -1.777239   -1.819587   -1.865570   -1.916924   -1.974821   -2.039642   -2.110702   
0.211908   0.251625   0.283676   0.313595   0.340835   0.365447   0.387278   0.407182   0.424430   0.439439   0.452351   0.459988   0.457974   0.443328   0.418697   0.385818   0.345166   0.298425   0.245591   0.186541   0.122253   0.051977   -0.023905   -0.105004   -0.190670   -0.281030   -0.375121   -0.472345   -0.574645   -0.684130   -0.798806   -0.915870   -1.032180   -1.142890   -1.246865   -1.347420   -1.445312   -1.539467   -1.628158   -1.708856   -1.778724   -1.836814   -1.885938   -1.931524   -1.978949   -2.031056   -2.089536   -2.155444   -2.228792   -2.308456   
0.191200   0.230086   0.264686   0.295762   0.325452   0.351786   0.375974   0.397131   0.415808   0.432785   0.446070   0.455625   0.455456   0.441881   0.417222   0.382679   0.340465   0.291026   0.234457   0.171936   0.102832   0.027513   -0.053814   -0.140722   -0.232730   -0.329703   -0.430400   -0.535083   -0.646204   -0.764989   -0.889063   -1.015834   -1.140392   -1.257705   -1.368882   -1.477164   -1.582330   -1.682971   -1.777006   -1.861444   -1.933459   -1.993249   -2.044942   -2.094846   -2.148009   -2.206899   -2.273216   -2.347794   -2.430168   -2.518856   
0.167005   0.206245   0.242570   0.277008   0.308351   0.337513   0.363408   0.386833   0.407410   0.424850   0.439657   0.450014   0.452103   0.440017   0.414705   0.379350   0.335061   0.282386   0.222785   0.155819   0.081983   0.001439   -0.085534   -0.178447   -0.277275   -0.380929   -0.488815   -0.601800   -0.722118   -0.850499   -0.985174   -1.121787   -1.254466   -1.378788   -1.497990   -1.614385   -1.727057   -1.834311   -1.933641   -2.021621   -2.095743   -2.157604   -2.212583   -2.267596   -2.327124   -2.393495   -2.468369   -2.552232   -2.644095   -2.742233   
0.139960   0.179810   0.219384   0.255850   0.290471   0.321805   0.350448   0.375832   0.397657   0.416846   0.432295   0.443816   0.448144   0.437043   0.412020   0.375395   0.328525   0.273367   0.209776   0.138465   0.059736   -0.026214   -0.119272   -0.218622   -0.324107   -0.434976   -0.550777   -0.672386   -0.802277   -0.941359   -1.087116   -1.233793   -1.374483   -1.506504   -1.634427   -1.759255   -1.879660   -1.993637   -2.098179   -2.189512   -2.265845   -2.330237   -2.389280   -2.450120   -2.516662   -2.591243   -2.675382   -2.769091   -2.870892   -2.978919   
0.112597   0.153217   0.193868   0.233779   0.270970   0.305538   0.336623   0.363747   0.387788   0.407867   0.424553   0.437395   0.442918   0.433850   0.408728   0.370383   0.321740   0.263151   0.195704   0.119914   0.036127   -0.055381   -0.154678   -0.261033   -0.373459   -0.492234   -0.616153   -0.746725   -0.887257   -1.037655   -1.195007   -1.351870   -1.500614   -1.641194   -1.778381   -1.911947   -2.040306   -2.161090   -2.270742   -2.365281   -2.444047   -2.511517   -2.575423   -2.642754   -2.716999   -2.800533   -2.894615   -2.998685   -3.110878   -3.229250   
0.086432   0.125703   0.167809   0.210004   0.250748   0.288224   0.321552   0.351445   0.376837   0.398481   0.416696   0.430059   0.436974   0.429983   0.404391   0.365220   0.313852   0.252041   0.180614   0.100202   0.011253   -0.086508   -0.192317   -0.305756   -0.425744   -0.552522   -0.684803   -0.825407   -0.977022   -1.139638   -1.308969   -1.476014   -1.633121   -1.783142   -1.930021   -2.072632   -2.209161   -2.336812   -2.451449   -2.549138   -2.630644   -2.701820   -2.771370   -2.845840   -2.928511   -3.021742   -3.126403   -3.241322   -3.364376   -3.493568   
0.063389   0.100639   0.141271   0.185613   0.229339   0.269485   0.306133   0.337920   0.365372   0.388980   0.407915   0.422300   0.431276   0.424996   0.399940   0.359019   0.305244   0.240061   0.164533   0.079476   -0.015373   -0.119355   -0.231977   -0.352287   -0.480759   -0.615659   -0.757309   -0.908366   -1.071781   -1.247489   -1.429114   -1.606255   -1.772320   -1.932579   -2.089516   -2.241483   -2.386389   -2.520941   -2.640427   -2.741320   -2.825938   -2.901512   -2.977453   -3.059728   -3.151569   -3.255229   -3.371056   -3.497314   -3.631712   -3.772222   
0.042680   0.078267   0.117137   0.160585   0.206430   0.250236   0.289351   0.323731   0.353741   0.378476   0.398722   0.415005   0.424063   0.419834   0.394469   0.352218   0.295867   0.227237   0.147424   0.057194   -0.043494   -0.153943   -0.273747   -0.401778   -0.538309   -0.682205   -0.833585   -0.995735   -1.171790   -1.361337   -1.555524   -1.742689   -1.918526   -2.089689   -2.257040   -2.418673   -2.572153   -2.713612   -2.837818   -2.942072   -3.030242   -3.110951   -3.193992   -3.284771   -3.386536   -3.501336   -3.628877   -3.766974   -3.913216   -4.065564   
0.025589   0.058564   0.094503   0.135618   0.183099   0.229553   0.271738   0.309316   0.340967   0.367505   0.390000   0.406349   0.416785   0.413569   0.388444   0.344720   0.285768   0.213599   0.129454   0.033632   -0.072834   -0.189775   -0.317003   -0.453747   -0.598929   -0.752058   -0.913743   -1.087663   -1.277306   -1.481290   -1.688235   -1.885501   -2.072020   -2.254634   -2.432767   -2.604375   -2.766612   -2.914959   -3.043800   -3.151648   -3.243870   -3.330484   -3.421313   -3.521315   -3.633761   -3.760382   -3.900166   -4.050616   -4.209218   -4.373950   
0.010707   0.042211   0.075172   0.112902   0.158904   0.207930   0.253819   0.293593   0.327621   0.356940   0.379886   0.397768   0.408534   0.406657   0.381769   0.336585   0.275005   0.199250   0.110136   0.008815   -0.103707   -0.227994   -0.363022   -0.508249   -0.662494   -0.825311   -0.997897   -1.184308   -1.388556   -1.607455   -1.827256   -2.034938   -2.233045   -2.427576   -2.616874   -2.798764   -2.969922   -3.125117   -3.258581   -3.370304   -3.467144   -3.560442   -3.659742   -3.769704   -3.893584   -4.032667   -4.185228   -4.348559   -4.520055   -4.697734   
-0.002340   0.028045   0.058064   0.092180   0.135173   0.185598   0.234455   0.277157   0.314591   0.344897   0.369314   0.388306   0.399797   0.399092   0.374476   0.327866   0.263399   0.183723   0.089766   -0.016774   -0.136437   -0.268090   -0.411259   -0.565016   -0.729067   -0.902063   -1.086161   -1.285849   -1.505708   -1.739940   -1.972598   -2.191268   -2.401805   -2.608680   -2.809538   -3.002012   -3.182233   -3.344223   -3.482379   -3.598306   -3.700385   -3.801145   -3.909603   -4.030272   -4.166333   -4.318482   -4.484367   -4.661123   -4.846064   -5.037273   
-0.014397   0.014912   0.043206   0.073897   0.113119   0.163102   0.214261   0.260955   0.299963   0.332317   0.358831   0.378418   0.390649   0.390813   0.366605   0.318480   0.251329   0.167303   0.068548   -0.044249   -0.170775   -0.310102   -0.461747   -0.624752   -0.798722   -0.982415   -1.178650   -1.392500   -1.628888   -1.878846   -2.124324   -2.354753   -2.578476   -2.798115   -3.010934   -3.214290   -3.403694   -3.572424   -3.715414   -3.835921   -3.943920   -4.052898   -4.171218   -4.303346   -4.452325   -4.618123   -4.797893   -4.988629   -5.187587   -5.392920   
-0.025855   0.003052   0.029766   0.057949   0.093588   0.140204   0.194305   0.243012   0.284692   0.319750   0.347374   0.368116   0.380996   0.381922   0.358193   0.308679   0.238204   0.149961   0.046253   -0.073096   -0.206442   -0.353728   -0.514234   -0.687216   -0.871532   -1.066466   -1.275478   -1.504490   -1.758211   -2.024256   -2.282565   -2.525642   -2.763215   -2.996055   -3.221239   -3.435766   -3.634451   -3.809884   -3.957913   -4.083421   -4.198075   -4.316003   -4.444900   -4.589246   -4.751860   -4.931882   -5.126111   -5.331399   -5.544965   -5.765033   
-0.037004   -0.008537   0.017180   0.044252   0.075644   0.118854   0.172663   0.224321   0.269329   0.306123   0.335447   0.357386   0.370892   0.372512   0.349360   0.297928   0.224339   0.132310   0.022504   -0.103328   -0.244035   -0.399671   -0.569423   -0.752473   -0.947572   -1.154314   -1.376770   -1.622039   -1.893789   -2.176224   -2.447514   -2.704169   -2.956183   -3.202673   -3.440628   -3.666606   -3.874650   -4.056792   -4.210103   -4.341086   -4.463173   -4.590762   -4.730958   -4.888288   -5.065226   -5.260059   -5.469333   -5.689755   -5.918541   -6.153968   
-0.047024   -0.019637   0.005817   0.031017   0.060233   0.099074   0.150622   0.205453   0.252804   0.291939   0.323081   0.346149   0.360375   0.362464   0.339623   0.286559   0.210290   0.113098   -0.002407   -0.134619   -0.283341   -0.447668   -0.627051   -0.820586   -1.026921   -1.246056   -1.482660   -1.745336   -2.035733   -2.334771   -2.619389   -2.890545   -3.157541   -3.418143   -3.669275   -3.906969   -4.124442   -4.313345   -4.472216   -4.609204   -4.739527   -4.877468   -5.029696   -5.200780   -5.392708   -5.602949   -5.827869   -6.064023   -6.308657   -6.560080   
-0.056408   -0.029516   -0.005569   0.018980   0.046300   0.080559   0.129287   0.185375   0.235620   0.277202   0.310151   0.334465   0.349448   0.352154   0.329288   0.274783   0.194856   0.092917   -0.028151   -0.167656   -0.324391   -0.497765   -0.687172   -0.891622   -1.109658   -1.341788   -1.593304   -1.874530   -2.184157   -2.499913   -2.798412   -3.084960   -3.367450   -3.642640   -3.907354   -4.157015   -4.383980   -4.579749   -4.744488   -4.888069   -5.027432   -5.176413   -5.341417   -5.527025   -5.734590   -5.960853   -6.202027   -6.454529   -6.715658   -6.983728   
-0.064639   -0.038904   -0.016410   0.007501   0.032866   0.064336   0.108284   0.164665   0.217779   0.261918   0.296703   0.322394   0.338269   0.340988   0.318334   0.262393   0.178609   0.071759   -0.055398   -0.202158   -0.367222   -0.550008   -0.749843   -0.965642   -1.195868   -1.441606   -1.708885   -2.009742   -2.339168   -2.671693   -2.984796   -3.287578   -3.586073   -3.876339   -4.155035   -4.416901   -4.653418   -4.856208   -5.027159   -5.177983   -5.327170   -5.487881   -5.666417   -5.867321   -6.091158   -6.334068   -6.592120   -6.861602   -7.139886   -7.425269   
-0.071832   -0.047340   -0.025396   -0.004057   0.020670   0.049079   0.088552   0.143476   0.199313   0.245977   0.282770   0.309770   0.326325   0.329316   0.307421   0.248985   0.161550   0.049989   -0.083872   -0.238154   -0.411874   -0.604445   -0.815119   -1.042713   -1.285631   -1.545607   -1.829603   -2.151082   -2.500872   -2.850200   -3.178752   -3.498557   -3.813576   -4.119412   -4.412484   -4.686788   -4.932918   -5.142927   -5.320479   -5.479244   -5.639013   -5.812156   -6.004994   -6.221954   -6.462698   -6.722894   -6.998458   -7.285572   -7.581685   -7.885059   
-0.078613   -0.053807   -0.034458   -0.014489   0.008465   0.034898   0.070252   0.122125   0.180171   0.229444   0.268370   0.296968   0.313942   0.317381   0.295240   0.234884   0.144043   0.026864   -0.113590   -0.275675   -0.458388   -0.661122   -0.883053   -1.122897   -1.379031   -1.653887   -1.955653   -2.298661   -2.669353   -3.035574   -3.380486   -3.718050   -4.050127   -4.372034   -4.679868   -4.966834   -5.222650   -5.440118   -5.624705   -5.792149   -5.963229   -6.149522   -6.357440   -6.591204   -6.849498   -7.127630   -7.421354   -7.726770   -8.041399   -8.363458   
-0.084492   -0.060712   -0.042050   -0.024586   -0.003343   0.021505   0.053373   0.101142   0.160351   0.212380   0.253636   0.283357   0.301057   0.304978   0.282417   0.220453   0.125364   0.002709   -0.144576   -0.314752   -0.506801   -0.720087   -0.953703   -1.206258   -1.476147   -1.766544   -2.087216   -2.452590   -2.844671   -3.227990   -3.590200   -3.946215   -4.295891   -4.634374   -4.957354   -5.257200   -5.522798   -5.747993   -5.940097   -6.116986   -6.300087   -6.500258   -6.724044   -6.975344   -7.251845   -7.548576   -7.861121   -8.185527   -8.519373   -8.860822   


#  Thrust coefficient

0.070552   0.070265   0.069951   0.069611   0.069246   0.068855   0.068439   0.068000   0.067536   0.067050   0.066540   0.066009   0.065456   0.064882   0.064288   0.063674   0.063041   0.062390   0.061720   0.061034   0.060331   0.059613   0.058880   0.058133   0.057374   0.056605   0.055828   0.055044   0.054256   0.053468   0.052683   0.051903   0.051133   0.050375   0.049633   0.048913   0.048217   0.047553   0.046923   0.046333   0.045787   0.045282   0.044810   0.044365   0.043929   0.043474   0.042978   0.042430   0.041814   0.041123   
0.077260   0.076920   0.076552   0.076158   0.075738   0.075293   0.074822   0.074327   0.073809   0.073266   0.072701   0.072114   0.071505   0.070874   0.070223   0.069553   0.068863   0.068156   0.067433   0.066697   0.065949   0.065194   0.064435   0.063675   0.062920   0.062173   0.061438   0.060720   0.060024   0.059356   0.058719   0.058121   0.057566   0.057063   0.056613   0.056211   0.055842   0.055487   0.055112   0.054680   0.054164   0.053541   0.052797   0.051946   0.051005   0.050005   0.048983   0.047943   0.046914   0.045877   
0.085622   0.085235   0.084820   0.084378   0.083907   0.083410   0.082887   0.082338   0.081764   0.081164   0.080541   0.079894   0.079226   0.078538   0.077834   0.077117   0.076391   0.075662   0.074934   0.074213   0.073503   0.072812   0.072143   0.071504   0.070902   0.070342   0.069832   0.069381   0.068995   0.068678   0.068420   0.068195   0.067966   0.067681   0.067289   0.066748   0.066029   0.065131   0.064075   0.062901   0.061665   0.060408   0.059134   0.057883   0.056566   0.055092   0.053490   0.051651   0.049450   0.047524   
0.095661   0.095230   0.094769   0.094277   0.093755   0.093203   0.092623   0.092016   0.091382   0.090725   0.090050   0.089362   0.088665   0.087967   0.087273   0.086591   0.085926   0.085287   0.084680   0.084113   0.083596   0.083136   0.082743   0.082428   0.082200   0.082062   0.081995   0.081956   0.081882   0.081697   0.081326   0.080715   0.079844   0.078729   0.077419   0.075987   0.074510   0.073018   0.071553   0.070056   0.068402   0.066559   0.064426   0.061911   0.058950   0.055612   0.052637   0.048600   0.044201   0.039689   
0.107372   0.106894   0.106382   0.105835   0.105257   0.104649   0.104017   0.103366   0.102704   0.102037   0.101374   0.100722   0.100090   0.099486   0.098919   0.098399   0.097937   0.097542   0.097228   0.097007   0.096890   0.096890   0.097001   0.097181   0.097350   0.097409   0.097245   0.096768   0.095934   0.094757   0.093307   0.091686   0.090000   0.088323   0.086684   0.085009   0.083164   0.081032   0.078473   0.075420   0.071789   0.067679   0.063147   0.058760   0.053564   0.047960   0.042195   0.037354   0.031227   0.025365   
0.120733   0.120202   0.119637   0.119043   0.118427   0.117798   0.117165   0.116537   0.115924   0.115336   0.114783   0.114277   0.113830   0.113454   0.113163   0.112972   0.112897   0.112953   0.113155   0.113504   0.113947   0.114381   0.114665   0.114644   0.114195   0.113268   0.111908   0.110233   0.108390   0.106528   0.104728   0.103003   0.101146   0.099016   0.096345   0.093067   0.089035   0.084318   0.079028   0.073231   0.067631   0.061177   0.054315   0.047282   0.041137   0.033805   0.026672   0.019356   0.012509   0.005752   
0.135728   0.135161   0.134574   0.133978   0.133385   0.132804   0.132249   0.131732   0.131266   0.130864   0.130543   0.130319   0.130210   0.130234   0.130411   0.130760   0.131297   0.132000   0.132766   0.133427   0.133776   0.133619   0.132850   0.131506   0.129737   0.127746   0.125734   0.123858   0.122123   0.120265   0.118013   0.115017   0.111164   0.106305   0.100584   0.094153   0.087119   0.079966   0.072417   0.064416   0.056051   0.048291   0.039694   0.031247   0.022464   0.014031   0.005938   -0.002041   -0.009755   -0.017315   
0.152407   0.151852   0.151302   0.150772   0.150275   0.149826   0.149442   0.149140   0.148939   0.148860   0.148924   0.149155   0.149576   0.150209   0.151075   0.152140   0.153256   0.154192   0.154672   0.154454   0.153467   0.151837   0.149808   0.147659   0.145660   0.143943   0.142293   0.140300   0.137393   0.133373   0.128037   0.121527   0.114090   0.105897   0.097526   0.088758   0.079154   0.069626   0.060181   0.050447   0.039848   0.029920   0.019774   0.009826   0.000015   -0.009087   -0.018138   -0.026830   -0.035005   -0.042415   
0.170858   0.170376   0.169932   0.169544   0.169230   0.169013   0.168914   0.168958   0.169172   0.169583   0.170219   0.171106   0.172274   0.173700   0.175219   0.176544   0.177323   0.177240   0.176222   0.174463   0.172300   0.170099   0.168212   0.166776   0.165363   0.163195   0.159723   0.154550   0.147765   0.139635   0.130472   0.120574   0.110538   0.100011   0.089044   0.078006   0.066724   0.054857   0.042746   0.031100   0.019195   0.007177   -0.004279   -0.014868   -0.025371   -0.035401   -0.044833   -0.053363   -0.060736   -0.067318   
0.191162   0.190823   0.190564   0.190410   0.190387   0.190524   0.190851   0.191403   0.192209   0.193304   0.194719   0.196469   0.198423   0.200262   0.201571   0.201917   0.201132   0.199433   0.197242   0.195032   0.193273   0.192209   0.191257   0.189210   0.185321   0.179225   0.171108   0.161453   0.150606   0.139068   0.127697   0.114980   0.102390   0.089783   0.076822   0.062762   0.049290   0.035129   0.021231   0.007231   -0.006086   -0.018520   -0.030763   -0.042395   -0.053373   -0.063369   -0.072100   -0.079779   -0.086256   -0.091603   
0.213398   0.213285   0.213309   0.213502   0.213900   0.214542   0.215464   0.216703   0.218298   0.220284   0.222623   0.225038   0.227079   0.228205   0.228024   0.226651   0.224568   0.222365   0.220644   0.219937   0.219722   0.218316   0.214490   0.207855   0.198706   0.187668   0.175262   0.162454   0.148369   0.134436   0.120436   0.106026   0.090847   0.074880   0.059479   0.043617   0.027162   0.010930   -0.004589   -0.019169   -0.033484   -0.047056   -0.059886   -0.071673   -0.082140   -0.091507   -0.099310   -0.105773   -0.111024   -0.115130   
0.237650   0.237864   0.238290   0.238968   0.239943   0.241259   0.242958   0.245081   0.247657   0.250569   0.253399   0.255578   0.256474   0.255853   0.254129   0.251998   0.250200   0.249568   0.250198   0.250111   0.247191   0.240680   0.230963   0.218833   0.205031   0.190619   0.174737   0.159046   0.143565   0.127367   0.109859   0.092321   0.074592   0.056659   0.037932   0.019294   0.001293   -0.015788   -0.032560   -0.048439   -0.063494   -0.077435   -0.090056   -0.101513   -0.111263   -0.119390   -0.125981   -0.131155   -0.135385   -0.138596   
0.264017   0.264682   0.265650   0.266971   0.268694   0.270867   0.273530   0.276696   0.280167   0.283409   0.285745   0.286490   0.285611   0.283795   0.281926   0.280951   0.281926   0.283670   0.282828   0.277512   0.267977   0.255260   0.240344   0.224518   0.206927   0.189440   0.172059   0.152848   0.134449   0.114986   0.095807   0.075368   0.054397   0.033574   0.012663   -0.007377   -0.026831   -0.045477   -0.063141   -0.079618   -0.094784   -0.108808   -0.121143   -0.131528   -0.140062   -0.146813   -0.152294   -0.156655   -0.159879   -0.162274   
0.292615   0.293873   0.295542   0.297676   0.300326   0.303527   0.307273   0.311307   0.315004   0.317597   0.318354   0.317429   0.315753   0.314400   0.314707   0.317664   0.319976   0.317476   0.309380   0.296922   0.281397   0.264505   0.245408   0.226205   0.206566   0.185700   0.165302   0.143815   0.122195   0.100303   0.077204   0.053766   0.030530   0.007567   -0.015219   -0.036871   -0.057617   -0.077076   -0.095306   -0.112144   -0.127497   -0.140952   -0.152161   -0.161181   -0.168513   -0.174341   -0.178796   -0.182255   -0.184618   -0.185766   
0.323569   0.325580   0.328120   0.331240   0.334967   0.339278   0.343891   0.348127   0.351137   0.352117   0.351351   0.349997   0.349364   0.351371   0.356352   0.358645   0.354072   0.343268   0.328022   0.310642   0.290419   0.269737   0.248387   0.225496   0.203055   0.179451   0.155761   0.131660   0.106797   0.081508   0.055577   0.029643   0.003887   -0.021230   -0.045508   -0.068447   -0.090233   -0.110218   -0.128997   -0.145950   -0.160768   -0.172907   -0.182923   -0.190920   -0.197256   -0.202044   -0.205721   -0.208158   -0.209176   -0.208587   
0.357016   0.359950   0.363526   0.367761   0.372617   0.377833   0.382707   0.386329   0.387769   0.387348   0.386447   0.386689   0.390810   0.397822   0.399648   0.392874   0.379472   0.361828   0.341890   0.320129   0.297446   0.272239   0.248263   0.222517   0.195861   0.170415   0.143514   0.116229   0.088133   0.059563   0.031164   0.002448   -0.025381   -0.052373   -0.077899   -0.101906   -0.124241   -0.145058   -0.163905   -0.180267   -0.193857   -0.205034   -0.213930   -0.220956   -0.226230   -0.230267   -0.232906   -0.233938   -0.233148   -0.230332   
0.393096   0.397111   0.401834   0.407216   0.413049   0.418660   0.423096   0.425246   0.425340   0.424977   0.426191   0.432749   0.441719   0.442878   0.434096   0.418440   0.399281   0.376311   0.353675   0.326988   0.301301   0.273520   0.244565   0.216950   0.187566   0.158116   0.128366   0.097699   0.066917   0.035274   0.003697   -0.027028   -0.056801   -0.085374   -0.111830   -0.136841   -0.160013   -0.181040   -0.199195   -0.214676   -0.227320   -0.237386   -0.245234   -0.251263   -0.255831   -0.258838   -0.260067   -0.259188   -0.256166   -0.251078   
0.431932   0.437125   0.443015   0.449463   0.455893   0.461330   0.464442   0.465215   0.465441   0.467635   0.476763   0.487754   0.488409   0.477877   0.461279   0.439091   0.415811   0.389101   0.361388   0.332674   0.301648   0.271823   0.240122   0.208405   0.176507   0.143811   0.110789   0.077058   0.042593   0.008327   -0.025525   -0.058711   -0.090403   -0.119790   -0.147632   -0.173460   -0.196982   -0.217434   -0.235046   -0.249517   -0.261072   -0.269985   -0.277009   -0.282310   -0.285882   -0.287525   -0.286849   -0.283780   -0.278333   -0.271068   
0.473581   0.479971   0.487019   0.494322   0.500919   0.505236   0.506846   0.507682   0.510767   0.522656   0.535848   0.536246   0.524405   0.506177   0.483242   0.457831   0.428167   0.399744   0.367090   0.334830   0.301399   0.267038   0.232685   0.198200   0.162861   0.127487   0.090789   0.053743   0.016490   -0.020856   -0.057409   -0.092257   -0.125116   -0.156155   -0.184964   -0.211110   -0.234421   -0.254583   -0.271293   -0.284709   -0.295089   -0.303301   -0.309560   -0.313918   -0.316211   -0.316005   -0.313165   -0.307593   -0.299819   -0.290850   
0.518046   0.525686   0.533897   0.541801   0.547525   0.550095   0.551534   0.555315   0.570398   0.585724   0.586215   0.574657   0.554046   0.531624   0.502475   0.473963   0.440398   0.405429   0.371463   0.334994   0.297981   0.261460   0.223830   0.185833   0.147784   0.108404   0.068567   0.028289   -0.012366   -0.052408   -0.090858   -0.127319   -0.161891   -0.194041   -0.223331   -0.249695   -0.272829   -0.292235   -0.307944   -0.320175   -0.329903   -0.337385   -0.342770   -0.345879   -0.346520   -0.344234   -0.338851   -0.330789   -0.321085   -0.310977   
0.565466   0.574646   0.584020   0.591300   0.594890   0.596828   0.600991   0.619434   0.636942   0.637994   0.626217   0.606731   0.581258   0.551559   0.520478   0.484901   0.449225   0.411745   0.372793   0.334051   0.294041   0.253669   0.213561   0.172217   0.130152   0.087852   0.044275   0.000334   -0.043008   -0.085199   -0.125847   -0.164285   -0.199933   -0.232969   -0.262750   -0.289267   -0.311849   -0.330347   -0.344874   -0.356508   -0.365535   -0.372218   -0.376477   -0.378190   -0.376812   -0.372007   -0.363987   -0.353730   -0.342632   -0.331832   
0.616554   0.627319   0.636416   0.641387   0.643916   0.648030   0.668949   0.689039   0.692248   0.679637   0.661230   0.633614   0.604740   0.570463   0.534084   0.496389   0.456206   0.414916   0.373756   0.331072   0.287959   0.245114   0.201031   0.156259   0.110962   0.064738   0.017573   -0.029023   -0.075327   -0.120130   -0.162756   -0.202477   -0.239463   -0.273048   -0.303332   -0.329566   -0.351401   -0.368736   -0.382734   -0.393694   -0.401992   -0.407673   -0.410748   -0.410640   -0.406852   -0.399326   -0.388837   -0.376856   -0.364837   -0.353598   
0.671316   0.682354   0.689375   0.692983   0.697166   0.721279   0.742502   0.746464   0.735198   0.716236   0.689235   0.659526   0.623626   0.586029   0.546885   0.504804   0.461981   0.417952   0.372707   0.327234   0.281293   0.234445   0.186969   0.138946   0.089889   0.039876   -0.010399   -0.060578   -0.109621   -0.156709   -0.200860   -0.242201   -0.280010   -0.314431   -0.344762   -0.370366   -0.391231   -0.408112   -0.421466   -0.431764   -0.439168   -0.443886   -0.445388   -0.443072   -0.436582   -0.426353   -0.413761   -0.400540   -0.387897   -0.376353   
0.728643   0.738317   0.743685   0.748434   0.774128   0.797461   0.800434   0.791818   0.771432   0.747143   0.715502   0.680297   0.641791   0.600940   0.557346   0.512766   0.466624   0.419007   0.371317   0.322280   0.272656   0.222743   0.172038   0.119883   0.066663   0.013369   -0.040603   -0.093853   -0.145295   -0.194457   -0.240536   -0.282994   -0.321957   -0.356784   -0.386795   -0.411722   -0.432088   -0.448365   -0.461125   -0.470619   -0.477264   -0.480683   -0.480259   -0.475388   -0.466065   -0.453352   -0.439106   -0.425006   -0.411892   -0.400131   
0.787422   0.795429   0.801577   0.830023   0.854730   0.858877   0.847628   0.828215   0.802638   0.771677   0.737407   0.699911   0.657960   0.614066   0.567925   0.519619   0.469912   0.419869   0.368192   0.315825   0.263184   0.209734   0.154846   0.098826   0.041782   -0.015141   -0.072480   -0.128486   -0.182641   -0.233809   -0.281317   -0.325258   -0.364977   -0.399853   -0.429466   -0.454006   -0.473814   -0.489456   -0.501613   -0.510514   -0.516130   -0.517953   -0.515251   -0.507571   -0.495466   -0.480622   -0.465128   -0.450351   -0.436861   -0.424955   
0.847407   0.856334   0.887469   0.915910   0.920375   0.908161   0.887196   0.859711   0.828421   0.794552   0.757990   0.716850   0.672978   0.626135   0.576591   0.525210   0.473140   0.419053   0.364075   0.308714   0.252526   0.194919   0.136179   0.076224   0.015977   -0.044978   -0.105673   -0.164832   -0.221362   -0.274284   -0.323620   -0.368670   -0.408817   -0.443664   -0.473097   -0.497146   -0.516377   -0.531637   -0.543224   -0.551327   -0.555688   -0.555598   -0.550295   -0.539692   -0.525005   -0.508420   -0.491964   -0.476618   -0.462825   -0.450840   
0.912706   0.950086   0.982116   0.984332   0.973618   0.949070   0.918813   0.886402   0.851121   0.814727   0.775466   0.733255   0.686854   0.636897   0.584873   0.530852   0.474735   0.417710   0.359407   0.300528   0.240233   0.179146   0.116818   0.052821   -0.012008   -0.076613   -0.140599   -0.202566   -0.261212   -0.316314   -0.367129   -0.413143   -0.453517   -0.488498   -0.517576   -0.541102   -0.560069   -0.574884   -0.585854   -0.593011   -0.595860   -0.593536   -0.585383   -0.571885   -0.554905   -0.536930   -0.519671   -0.503828   -0.489799   -0.477807   
1.013971   1.048747   1.051564   1.039434   1.016693   0.985719   0.949616   0.912385   0.872897   0.833482   0.792302   0.748315   0.699384   0.647321   0.592478   0.534899   0.475916   0.415246   0.353793   0.290872   0.226807   0.162160   0.095365   0.027293   -0.041170   -0.109708   -0.176922   -0.241436   -0.302630   -0.359590   -0.411764   -0.458257   -0.499321   -0.534194   -0.562839   -0.586199   -0.604859   -0.619214   -0.629485   -0.635514   -0.636575   -0.631710   -0.620566   -0.604310   -0.585362   -0.566251   -0.548271   -0.531999   -0.517810   -0.505874   
1.113726   1.118117   1.110620   1.086177   1.057034   1.018845   0.978872   0.936160   0.893881   0.850775   0.807754   0.761835   0.711996   0.657086   0.598916   0.538630   0.476052   0.412279   0.346860   0.280608   0.213000   0.143543   0.072585   0.000680   -0.072043   -0.144182   -0.214389   -0.281882   -0.345312   -0.404039   -0.457113   -0.504726   -0.546034   -0.580654   -0.609230   -0.632408   -0.650774   -0.664631   -0.674090   -0.678784   -0.677770   -0.670098   -0.655937   -0.637126   -0.616522   -0.596422   -0.577780   -0.561153   -0.546886   -0.535049   
1.183843   1.183272   1.162248   1.129915   1.094832   1.051743   1.005937   0.960177   0.913653   0.867959   0.821859   0.775279   0.722991   0.665687   0.605110   0.541371   0.475775   0.408120   0.339470   0.269376   0.197347   0.124078   0.048840   -0.027608   -0.104257   -0.179779   -0.253449   -0.323596   -0.389191   -0.449253   -0.503901   -0.552167   -0.593516   -0.628225   -0.656720   -0.679767   -0.697834   -0.711127   -0.719641   -0.722770   -0.719394   -0.708725   -0.691602   -0.670483   -0.648473   -0.627455   -0.608219   -0.591316   -0.577051   -0.565335   
1.254501   1.239842   1.210777   1.174062   1.130903   1.083256   1.033416   0.983605   0.933551   0.884223   0.836345   0.786969   0.733635   0.674066   0.610350   0.543776   0.474403   0.403639   0.331245   0.256783   0.180993   0.103105   0.023468   -0.057181   -0.137547   -0.216970   -0.293785   -0.366327   -0.433868   -0.495975   -0.551728   -0.600406   -0.642107   -0.676862   -0.705362   -0.728311   -0.746043   -0.758689   -0.766106   -0.767426   -0.761410   -0.747645   -0.727667   -0.704502   -0.681249   -0.659366   -0.639613   -0.622522   -0.608320   -0.596728   
1.317981   1.293646   1.259712   1.214802   1.166477   1.113733   1.060366   1.006237   0.952690   0.901141   0.849484   0.798342   0.743093   0.681485   0.615307   0.545153   0.472821   0.398451   0.321781   0.243634   0.163272   0.080924   -0.003122   -0.087979   -0.172407   -0.255439   -0.335137   -0.410223   -0.480101   -0.543800   -0.600391   -0.649773   -0.691737   -0.726625   -0.755198   -0.778055   -0.795396   -0.807306   -0.813450   -0.812707   -0.803811   -0.786921   -0.764238   -0.739274   -0.714864   -0.692175   -0.671992   -0.654798   -0.640698   -0.629226   
1.377271   1.346634   1.305035   1.255984   1.201028   1.144537   1.086591   1.029238   0.972663   0.916846   0.862714   0.808601   0.751922   0.688629   0.619276   0.546401   0.470642   0.392136   0.311897   0.229249   0.144455   0.057613   -0.030855   -0.119874   -0.208522   -0.294928   -0.377646   -0.455516   -0.527483   -0.592516   -0.650211   -0.700173   -0.742460   -0.777566   -0.806260   -0.829003   -0.845890   -0.856961   -0.861642   -0.858574   -0.846617   -0.826616   -0.801413   -0.774847   -0.749328   -0.725912   -0.705386   -0.688171   -0.674186   -0.662819   
1.433023   1.396198   1.350704   1.294859   1.235995   1.174679   1.113276   1.052148   0.991505   0.932844   0.875121   0.818436   0.760374   0.694774   0.623169   0.547133   0.467438   0.385534   0.300900   0.213881   0.124624   0.033254   -0.059882   -0.153195   -0.245641   -0.335569   -0.421553   -0.501979   -0.575797   -0.642435   -0.701068   -0.751642   -0.794326   -0.829725   -0.858568   -0.881152   -0.897521   -0.907637   -0.910648   -0.904994   -0.889858   -0.866795   -0.839277   -0.811239   -0.784663   -0.760605   -0.739827   -0.722653   -0.708779   -0.697498   
1.484406   1.446030   1.393704   1.334138   1.270321   1.205357   1.139937   1.074497   1.010784   0.948116   0.887356   0.828211   0.767738   0.700844   0.626588   0.546913   0.464068   0.377927   0.289031   0.197617   0.103856   0.007938   -0.089763   -0.187664   -0.283873   -0.377611   -0.466625   -0.549399   -0.625367   -0.693406   -0.752990   -0.804221   -0.847378   -0.883133   -0.912130   -0.934501   -0.950286   -0.959314   -0.960436   -0.951951   -0.933569   -0.907528   -0.877895   -0.848461   -0.820895   -0.796286   -0.775345   -0.758243   -0.744468   -0.733252   
1.528991   1.489562   1.436391   1.372625   1.305208   1.236055   1.166092   1.097401   1.029394   0.963330   0.899714   0.837202   0.774565   0.706427   0.629093   0.546628   0.459771   0.369570   0.276377   0.180531   0.082255   -0.018681   -0.120993   -0.223287   -0.323500   -0.420814   -0.512650   -0.598109   -0.676033   -0.745433   -0.806004   -0.857950   -0.901655   -0.937816   -0.966944   -0.989050   -1.004178   -1.011971   -1.010970   -0.999450   -0.977784   -0.948879   -0.917308   -0.886530   -0.858053   -0.832985   -0.811961   -0.794939   -0.781245   -0.770071   
1.567968   1.529221   1.476431   1.411331   1.340075   1.266266   1.192902   1.119685   1.048017   0.978809   0.911379   0.845935   0.781847   0.711069   0.631588   0.545484   0.454886   0.360524   0.262998   0.162769   0.059428   -0.046325   -0.153306   -0.259530   -0.364274   -0.464955   -0.559967   -0.647946   -0.727780   -0.798534   -0.860139   -0.912867   -0.957187   -0.993788   -1.023009   -1.044798   -1.059190   -1.065585   -1.062214   -1.047502   -1.022542   -0.990912   -0.957539   -0.925471   -0.896166   -0.870734   -0.849682   -0.832733   -0.819101   -0.807944   
1.598514   1.562862   1.513885   1.449069   1.374310   1.297155   1.219152   1.142032   1.067033   0.993660   0.922903   0.855348   0.787799   0.715689   0.633261   0.543882   0.449375   0.350845   0.248876   0.143877   0.035655   -0.074966   -0.186723   -0.297345   -0.405974   -0.510373   -0.608420   -0.698896   -0.780603   -0.852734   -0.915422   -0.969006   -1.013999   -1.051054   -1.080324   -1.101747   -1.115313   -1.120130   -1.114141   -1.096122   -1.067884   -1.033679   -0.998604   -0.965307   -0.935267   -0.909559   -0.888505   -0.871616   -0.858027   -0.846862   
1.623906   1.590250   1.545206   1.483955   1.408885   1.327533   1.245495   1.164915   1.085455   1.008463   0.935215   0.863621   0.793838   0.719448   0.634545   0.541721   0.443319   0.340582   0.234188   0.124143   0.011208   -0.104114   -0.220584   -0.336245   -0.448933   -0.556912   -0.657997   -0.750949   -0.834508   -0.908054   -0.971883   -1.026394   -1.072112   -1.109613   -1.138891   -1.159895   -1.172533   -1.175576   -1.166737   -1.145330   -1.113849   -1.077226   -1.040522   -1.006067   -0.975383   -0.949477   -0.928426   -0.911581   -0.898014   -0.886815   
1.643587   1.613088   1.572181   1.515689   1.442125   1.357890   1.272477   1.187227   1.103902   1.024128   0.946472   0.872162   0.799141   0.722764   0.635336   0.539089   0.436793   0.329827   0.218525   0.103625   -0.014134   -0.134707   -0.256010   -0.376215   -0.492999   -0.604558   -0.708690   -0.804096   -0.889506   -0.964518   -1.029549   -1.085053   -1.131540   -1.169465   -1.198710   -1.219242   -1.230836   -1.231889   -1.220001   -1.195143   -1.160481   -1.121591   -1.083312   -1.047776   -1.016544   -0.990492   -0.969439   -0.952620   -0.939052   -0.927793   
1.660654   1.632027   1.593943   1.542615   1.473339   1.388219   1.298892   1.209610   1.123287   1.038804   0.957607   0.880116   0.804155   0.725636   0.635692   0.536053   0.429620   0.318205   0.202188   0.082754   -0.040607   -0.166259   -0.292450   -0.416963   -0.538155   -0.653306   -0.760492   -0.858336   -0.945612   -1.022147   -1.088451   -1.145002   -1.192291   -1.230609   -1.259781   -1.279782   -1.290200   -1.289040   -1.273941   -1.245584   -1.207819   -1.166800   -1.126999   -1.090464   -1.058770   -1.032601   -1.011535   -0.994723   -0.981133   -0.969787   
1.675668   1.647767   1.612152   1.565248   1.501482   1.418446   1.325342   1.233019   1.141739   1.053428   0.969178   0.887905   0.808962   0.728002   0.635666   0.532530   0.422195   0.305993   0.185362   0.060629   -0.067963   -0.198755   -0.329881   -0.459012   -0.584391   -0.703151   -0.813396   -0.913669   -1.002843   -1.080960   -1.148610   -1.206258   -1.254367   -1.293047   -1.322106   -1.341512   -1.350604   -1.347003   -1.328562   -1.296675   -1.255908   -1.212869   -1.171604   -1.134158   -1.102079   -1.075799   -1.054709   -1.037884   -1.024250   -1.012790   
1.689147   1.662316   1.627861   1.584217   1.526470   1.446897   1.352777   1.255517   1.160203   1.068554   0.980182   0.895561   0.813456   0.729977   0.635299   0.528769   0.413995   0.293183   0.167898   0.037706   -0.095944   -0.231898   -0.368013   -0.502106   -0.631700   -0.754089   -0.867396   -0.970102   -1.061216   -1.140976   -1.210047   -1.268837   -1.317766   -1.356779   -1.385683   -1.404422   -1.412021   -1.405761   -1.383872   -1.348439   -1.304789   -1.259818   -1.217151   -1.178882   -1.146475   -1.120080   -1.098951   -1.082095   -1.068394   -1.056792   
1.700742   1.674975   1.641823   1.600982   1.547321   1.473626   1.379056   1.278054   1.179225   1.083177   0.991109   0.903075   0.817725   0.731658   0.634677   0.524318   0.405323   0.280325   0.149491   0.014008   -0.124970   -0.266216   -0.407408   -0.546240   -0.680076   -0.806114   -0.922491   -1.027642   -1.120747   -1.202216   -1.272775   -1.332747   -1.382490   -1.421804   -1.450514   -1.468499   -1.474428   -1.465309   -1.439880   -1.400903   -1.354504   -1.307664   -1.263666   -1.224656   -1.191960   -1.165437   -1.144255   -1.127349   -1.113557   -1.101788   
1.711593   1.686357   1.655078   1.615163   1.565550   1.497475   1.404832   1.301147   1.197801   1.097779   1.002013   0.910379   0.821823   0.732908   0.633414   0.519488   0.396659   0.266380   0.130413   -0.010175   -0.154849   -0.301453   -0.447787   -0.591408   -0.729512   -0.859224   -0.978679   -1.086298   -1.181452   -1.264699   -1.336807   -1.397998   -1.448537   -1.488124   -1.516595   -1.533727   -1.537803   -1.525647   -1.496596   -1.454094   -1.405084   -1.356427   -1.311170   -1.271493   -1.238526   -1.211865   -1.190615   -1.173638   -1.159733   -1.147770   
1.720147   1.697064   1.666566   1.628493   1.581314   1.517860   1.430009   1.323753   1.216402   1.112381   1.012758   0.917562   0.825757   0.734091   0.631794   0.514456   0.387028   0.251864   0.110949   -0.035356   -0.185567   -0.337604   -0.489146   -0.637604   -0.780004   -0.913415   -1.035962   -1.146081   -1.243344   -1.328445   -1.402152   -1.464591   -1.515908   -1.555738   -1.583922   -1.600089   -1.602128   -1.586776   -1.554031   -1.508047   -1.456553   -1.406127   -1.359685   -1.319403   -1.286169   -1.259358   -1.238024   -1.220956   -1.206914   -1.194732   
1.727015   1.705777   1.676879   1.640833   1.594792   1.535954   1.452869   1.346253   1.235030   1.127000   1.023423   0.924699   0.829653   0.734694   0.629800   0.509086   0.376915   0.236790   0.090598   -0.061289   -0.217116   -0.374663   -0.531479   -0.684825   -0.831548   -0.968685   -1.094344   -1.207003   -1.306437   -1.393472   -1.468820   -1.532529   -1.584603   -1.624647   -1.652489   -1.667570   -1.667384   -1.648698   -1.612196   -1.562795   -1.508927   -1.456783   -1.409229   -1.368389   -1.334884   -1.307911   -1.286475   -1.269297   -1.255096   -1.242671   
1.732655   1.712705   1.686955   1.651642   1.607458   1.551238   1.473451   1.368471   1.253712   1.141523   1.034059   0.931616   0.833103   0.735037   0.628005   0.503046   0.366338   0.221478   0.069593   -0.087965   -0.249492   -0.412626   -0.574782   -0.733065   -0.884141   -1.025033   -1.153830   -1.269074   -1.370746   -1.459792   -1.536817   -1.601809   -1.654621   -1.694849   -1.722288   -1.736155   -1.733557   -1.711416   -1.671109   -1.618373   -1.562223   -1.508416   -1.459813   -1.418452   -1.384666   -1.357518   -1.335962   -1.318655   -1.304274   -1.291580   
1.737171   1.719357   1.694459   1.661864   1.618677   1.564718   1.491661   1.390073   1.272358   1.156042   1.044690   0.938678   0.836402   0.735314   0.625334   0.496619   0.355609   0.205348   0.047943   -0.115380   -0.282690   -0.451489   -0.619052   -0.782319   -0.937780   -1.082460   -1.214424   -1.332307   -1.436283   -1.527416   -1.606151   -1.672432   -1.725963   -1.766342   -1.793307   -1.805828   -1.800638   -1.774932   -1.730788   -1.674812   -1.616456   -1.561042   -1.511447   -1.469590   -1.435508   -1.408174   -1.386480   -1.369025   -1.354442   -1.341457   
1.741668   1.724115   1.701024   1.670332   1.629055   1.576801   1.507615   1.410601   1.290916   1.170630   1.055403   0.945354   0.839491   0.735396   0.622313   0.490107   0.344169   0.188677   0.025650   -0.143528   -0.316707   -0.491249   -0.664284   -0.832584   -0.992464   -1.140967   -1.276132   -1.396712   -1.503061   -1.596350   -1.676826   -1.744396   -1.798629   -1.839122   -1.865538   -1.876578   -1.868621   -1.839249   -1.791256   -1.732142   -1.671643   -1.614677   -1.564138   -1.521797   -1.487407   -1.459873   -1.438024   -1.420402   -1.405596   -1.392296   


# Torque coefficient

-0.002437   -0.001717   -0.000998   -0.000278   0.000441   0.001159   0.001874   0.002588   0.003299   0.004006   0.004709   0.005407   0.006100   0.006788   0.007468   0.008142   0.008807   0.009464   0.010113   0.010751   0.011379   0.011996   0.012601   0.013194   0.013775   0.014344   0.014901   0.015447   0.015983   0.016510   0.017031   0.017545   0.018056   0.018566   0.019076   0.019590   0.020109   0.020638   0.021179   0.021736   0.022315   0.022918   0.023547   0.024190   0.024830   0.025440   0.025993   0.026465   0.026836   0.027102   
-0.001934   -0.001084   -0.000236   0.000609   0.001450   0.002287   0.003119   0.003944   0.004763   0.005575   0.006378   0.007173   0.007957   0.008731   0.009493   0.010243   0.010980   0.011704   0.012415   0.013112   0.013797   0.014471   0.015135   0.015791   0.016440   0.017084   0.017727   0.018369   0.019014   0.019664   0.020322   0.020991   0.021674   0.022377   0.023104   0.023861   0.024643   0.025436   0.026207   0.026918   0.027532   0.028022   0.028370   0.028585   0.028683   0.028690   0.028644   0.028552   0.028435   0.028271   
-0.001202   -0.000211   0.000774   0.001752   0.002722   0.003683   0.004635   0.005575   0.006504   0.007420   0.008322   0.009210   0.010083   0.010941   0.011784   0.012614   0.013432   0.014239   0.015038   0.015830   0.016618   0.017404   0.018192   0.018982   0.019779   0.020585   0.021405   0.022242   0.023100   0.023987   0.024909   0.025865   0.026828   0.027752   0.028581   0.029266   0.029778   0.030116   0.030299   0.030357   0.030329   0.030247   0.030122   0.029978   0.029757   0.029405   0.028936   0.028267   0.027332   0.026414   
-0.000303   0.000836   0.001964   0.003079   0.004181   0.005268   0.006340   0.007395   0.008433   0.009454   0.010459   0.011450   0.012426   0.013392   0.014349   0.015299   0.016244   0.017188   0.018134   0.019084   0.020041   0.021010   0.021994   0.022998   0.024028   0.025092   0.026200   0.027350   0.028503   0.029585   0.030517   0.031244   0.031754   0.032066   0.032216   0.032250   0.032212   0.032127   0.032018   0.031856   0.031572   0.031150   0.030511   0.029613   0.028429   0.026989   0.025585   0.023654   0.021489   0.019207   
0.000710   0.002001   0.003274   0.004529   0.005764   0.006980   0.008177   0.009357   0.010520   0.011669   0.012806   0.013934   0.015056   0.016174   0.017290   0.018410   0.019535   0.020670   0.021819   0.022988   0.024182   0.025409   0.026680   0.028011   0.029383   0.030718   0.031902   0.032843   0.033519   0.033953   0.034196   0.034302   0.034323   0.034305   0.034265   0.034173   0.033953   0.033553   0.032884   0.031920   0.030623   0.029044   0.027204   0.025304   0.023029   0.020533   0.017909   0.015595   0.012716   0.009891   
0.001791   0.003236   0.004660   0.006061   0.007442   0.008805   0.010151   0.011483   0.012803   0.014116   0.015422   0.016727   0.018033   0.019345   0.020666   0.022001   0.023357   0.024741   0.026161   0.027630   0.029169   0.030771   0.032340   0.033717   0.034789   0.035543   0.036030   0.036318   0.036475   0.036566   0.036636   0.036702   0.036668   0.036469   0.035972   0.035144   0.033924   0.032352   0.030472   0.028318   0.026125   0.023574   0.020814   0.017927   0.015301   0.012188   0.009101   0.005874   0.002740   -0.000460   
0.002908   0.004521   0.006110   0.007680   0.009231   0.010768   0.012292   0.013808   0.015318   0.016826   0.018336   0.019853   0.021383   0.022930   0.024503   0.026113   0.027769   0.029489   0.031299   0.033153   0.034871   0.036257   0.037255   0.037926   0.038360   0.038642   0.038849   0.039052   0.039272   0.039402   0.039329   0.038884   0.038028   0.036697   0.034966   0.032893   0.030531   0.028037   0.025332   0.022413   0.019314   0.016349   0.013050   0.009744   0.006269   0.002827   -0.000622   -0.004148   -0.007651   -0.011149   
0.004061   0.005861   0.007641   0.009403   0.011151   0.012888   0.014618   0.016345   0.018074   0.019810   0.021558   0.023326   0.025125   0.026966   0.028860   0.030824   0.032895   0.035009   0.036915   0.038391   0.039425   0.040128   0.040616   0.040985   0.041335   0.041731   0.042119   0.042337   0.042148   0.041469   0.040223   0.038484   0.036339   0.033867   0.031244   0.028412   0.025273   0.022073   0.018835   0.015436   0.011726   0.008155   0.004456   0.000708   -0.003149   -0.006906   -0.010740   -0.014503   -0.018134   -0.021550   
0.005258   0.007269   0.009261   0.011239   0.013208   0.015170   0.017132   0.019099   0.021078   0.023075   0.025105   0.027182   0.029313   0.031507   0.033817   0.036214   0.038414   0.040118   0.041310   0.042144   0.042763   0.043284   0.043825   0.044466   0.045079   0.045390   0.045170   0.044272   0.042753   0.040704   0.038243   0.035479   0.032575   0.029449   0.026134   0.022728   0.019172   0.015390   0.011478   0.007631   0.003637   -0.000508   -0.004656   -0.008714   -0.012870   -0.016941   -0.020873   -0.024572   -0.027981   -0.031254   
0.006505   0.008746   0.010973   0.013190   0.015402   0.017616   0.019837   0.022074   0.024341   0.026657   0.029028   0.031450   0.033962   0.036625   0.039223   0.041333   0.042828   0.043887   0.044702   0.045414   0.046168   0.047078   0.047993   0.048511   0.048352   0.047388   0.045705   0.043459   0.040775   0.037807   0.034758   0.031315   0.027814   0.024230   0.020470   0.016362   0.012339   0.008048   0.003759   -0.000667   -0.005071   -0.009453   -0.013957   -0.018383   -0.022675   -0.026735   -0.030503   -0.034084   -0.037448   -0.040607   
0.007801   0.010294   0.012776   0.015254   0.017735   0.020225   0.022739   0.025296   0.027913   0.030578   0.033285   0.036133   0.039118   0.041809   0.043811   0.045219   0.046299   0.047239   0.048202   0.049376   0.050662   0.051557   0.051638   0.050777   0.049084   0.046754   0.043950   0.040917   0.037495   0.034004   0.030418   0.026651   0.022621   0.018321   0.014079   0.009638   0.004967   0.000257   -0.004410   -0.009070   -0.013910   -0.018726   -0.023429   -0.027906   -0.032097   -0.036110   -0.039842   -0.043362   -0.046664   -0.049713   
0.009146   0.011911   0.014671   0.017433   0.020207   0.023015   0.025879   0.028803   0.031752   0.034744   0.037933   0.041207   0.043970   0.045947   0.047397   0.048615   0.049796   0.051172   0.052837   0.054282   0.054860   0.054323   0.052798   0.050522   0.047704   0.044596   0.041067   0.037463   0.033820   0.029928   0.025671   0.021317   0.016819   0.012185   0.007276   0.002292   -0.002652   -0.007565   -0.012681   -0.017857   -0.023005   -0.027955   -0.032637   -0.037132   -0.041334   -0.045300   -0.049025   -0.052472   -0.055750   -0.058810   
0.010540   0.013597   0.016655   0.019729   0.022846   0.026028   0.029260   0.032487   0.035760   0.039288   0.042849   0.045739   0.047796   0.049389   0.050833   0.052360   0.054272   0.056348   0.057711   0.057790   0.056662   0.054617   0.051913   0.048840   0.045285   0.041618   0.037877   0.033676   0.029535   0.025090   0.020599   0.015734   0.010655   0.005509   0.000230   -0.004994   -0.010303   -0.015745   -0.021277   -0.026724   -0.031951   -0.036998   -0.041764   -0.046239   -0.050465   -0.054396   -0.058116   -0.061625   -0.064908   -0.068049   
0.011981   0.015350   0.018737   0.022176   0.025686   0.029227   0.032732   0.036279   0.040136   0.044021   0.047126   0.049360   0.051173   0.052910   0.054888   0.057397   0.059721   0.060798   0.060384   0.058804   0.056386   0.053486   0.050016   0.046367   0.042526   0.038343   0.034139   0.029636   0.024992   0.020180   0.015011   0.009661   0.004241   -0.001253   -0.006869   -0.012479   -0.018245   -0.024094   -0.029907   -0.035519   -0.040896   -0.045993   -0.050787   -0.055282   -0.059542   -0.063537   -0.067274   -0.070857   -0.074235   -0.077345   
0.013465   0.017179   0.020952   0.024797   0.028655   0.032445   0.036254   0.040425   0.044684   0.048111   0.050608   0.052696   0.054776   0.057287   0.060352   0.062774   0.063535   0.062743   0.060845   0.058301   0.055060   0.051546   0.047776   0.043603   0.039386   0.034861   0.030200   0.025341   0.020208   0.014875   0.009289   0.003573   -0.002257   -0.008129   -0.014077   -0.020121   -0.026362   -0.032512   -0.038554   -0.044314   -0.049787   -0.054906   -0.059800   -0.064393   -0.068705   -0.072745   -0.076623   -0.080277   -0.083626   -0.086579   
0.015006   0.019122   0.023312   0.027500   0.031588   0.035652   0.040106   0.044785   0.048643   0.051484   0.053888   0.056347   0.059450   0.063029   0.065463   0.065952   0.064905   0.062847   0.060141   0.056914   0.053357   0.049229   0.045144   0.040653   0.035875   0.031175   0.026083   0.020787   0.015200   0.009389   0.003463   -0.002685   -0.008848   -0.015096   -0.021442   -0.027972   -0.034553   -0.041021   -0.047211   -0.053079   -0.058632   -0.063935   -0.068908   -0.073578   -0.077961   -0.082173   -0.086144   -0.089780   -0.092981   -0.095662   
0.016637   0.021183   0.025717   0.030124   0.034446   0.039141   0.044255   0.048648   0.051915   0.054670   0.057528   0.061258   0.065292   0.067718   0.068055   0.066903   0.064887   0.062041   0.058985   0.055123   0.051224   0.046858   0.042151   0.037520   0.032451   0.027215   0.021780   0.016028   0.010106   0.003868   -0.002532   -0.008977   -0.015491   -0.022160   -0.028944   -0.035951   -0.042881   -0.049538   -0.055822   -0.061877   -0.067638   -0.073039   -0.078088   -0.082873   -0.087460   -0.091793   -0.095772   -0.099259   -0.102226   -0.104680   
0.018362   0.023262   0.028014   0.032613   0.037506   0.043023   0.048032   0.051813   0.054956   0.058219   0.062561   0.067017   0.069504   0.069815   0.068813   0.066720   0.064171   0.060889   0.057232   0.053239   0.048725   0.044225   0.039272   0.034151   0.028838   0.023219   0.017378   0.011248   0.004821   -0.001758   -0.008477   -0.015335   -0.022279   -0.029322   -0.036684   -0.044081   -0.051241   -0.058021   -0.064581   -0.070848   -0.076729   -0.082201   -0.087429   -0.092431   -0.097173   -0.101551   -0.105414   -0.108715   -0.111443   -0.113748   
0.020087   0.025213   0.030124   0.035194   0.041034   0.046692   0.051073   0.054649   0.058309   0.063263   0.068145   0.070762   0.071191   0.070322   0.068517   0.066090   0.062819   0.059454   0.055297   0.050993   0.046325   0.041333   0.036156   0.030776   0.025072   0.019175   0.012879   0.006343   -0.000424   -0.007437   -0.014580   -0.021755   -0.029081   -0.036743   -0.044574   -0.052222   -0.059575   -0.066676   -0.073495   -0.079916   -0.085880   -0.091573   -0.097028   -0.102222   -0.107056   -0.111364   -0.115076   -0.118149   -0.120719   -0.123052   
0.021672   0.026939   0.032200   0.038267   0.044526   0.049565   0.053627   0.057676   0.063277   0.068555   0.071386   0.072190   0.071461   0.070159   0.067724   0.065055   0.061468   0.057444   0.053323   0.048635   0.043656   0.038541   0.033055   0.027306   0.021339   0.014965   0.008321   0.001397   -0.005826   -0.013223   -0.020676   -0.028246   -0.036142   -0.044336   -0.052505   -0.060427   -0.068097   -0.075505   -0.082527   -0.089040   -0.095243   -0.101188   -0.106874   -0.112192   -0.117035   -0.121241   -0.124743   -0.127643   -0.130208   -0.132756   
0.023002   0.028501   0.034733   0.041489   0.047166   0.051733   0.056161   0.062378   0.068074   0.071226   0.072424   0.072303   0.071158   0.069187   0.066717   0.063393   0.059771   0.055655   0.051087   0.046304   0.041107   0.035628   0.029958   0.023875   0.017462   0.010801   0.003716   -0.003668   -0.011233   -0.018947   -0.026822   -0.034924   -0.043335   -0.052005   -0.060516   -0.068782   -0.076801   -0.084478   -0.091610   -0.098373   -0.104846   -0.111060   -0.116926   -0.122344   -0.127124   -0.131151   -0.134468   -0.137319   -0.140055   -0.142968   
0.024036   0.030381   0.037585   0.043970   0.049068   0.053762   0.060316   0.066475   0.070173   0.071809   0.072361   0.071580   0.070295   0.068051   0.065210   0.061890   0.057958   0.053593   0.048963   0.043860   0.038442   0.032802   0.026734   0.020323   0.013599   0.006496   -0.000998   -0.008681   -0.016664   -0.024807   -0.033122   -0.041708   -0.050717   -0.059784   -0.068671   -0.077314   -0.085678   -0.093507   -0.100892   -0.107934   -0.114710   -0.121159   -0.127200   -0.132628   -0.137280   -0.141124   -0.144344   -0.147306   -0.150364   -0.153741   
0.025165   0.032694   0.039905   0.045706   0.050713   0.057432   0.063750   0.067765   0.070115   0.071306   0.071296   0.070614   0.068880   0.066556   0.063683   0.060114   0.056125   0.051656   0.046725   0.041472   0.035869   0.029863   0.023499   0.016796   0.009685   0.002180   -0.005651   -0.013809   -0.022192   -0.030743   -0.039490   -0.048692   -0.058199   -0.067709   -0.076987   -0.086017   -0.094634   -0.102723   -0.110383   -0.117754   -0.124815   -0.131513   -0.137647   -0.143018   -0.147511   -0.151219   -0.154477   -0.157701   -0.161189   -0.165100   
0.026757   0.034769   0.041501   0.047036   0.053654   0.059959   0.064065   0.067086   0.068843   0.069943   0.069919   0.069061   0.067403   0.065046   0.061972   0.058401   0.054268   0.049603   0.044593   0.039089   0.033198   0.026967   0.020336   0.013224   0.005685   -0.002150   -0.010425   -0.018988   -0.027733   -0.036712   -0.046031   -0.055800   -0.065845   -0.075772   -0.085473   -0.094881   -0.103772   -0.112122   -0.120121   -0.127819   -0.135198   -0.142077   -0.148243   -0.153507   -0.157850   -0.161522   -0.164961   -0.168564   -0.172556   -0.177057   
0.028420   0.036226   0.042598   0.049340   0.055431   0.059567   0.062650   0.065058   0.066822   0.067826   0.068048   0.067399   0.065754   0.063416   0.060375   0.056659   0.052372   0.047658   0.042378   0.036665   0.030579   0.024064   0.017048   0.009578   0.001666   -0.006564   -0.015241   -0.024173   -0.033372   -0.042824   -0.052691   -0.063091   -0.073621   -0.083985   -0.094151   -0.103923   -0.113065   -0.121721   -0.130102   -0.138178   -0.145822   -0.152830   -0.158971   -0.164106   -0.168355   -0.172112   -0.175858   -0.179925   -0.184478   -0.189617   
0.029672   0.037156   0.044315   0.050406   0.054528   0.057697   0.060336   0.062500   0.064244   0.065503   0.066038   0.065485   0.064047   0.061748   0.058652   0.054881   0.050583   0.045629   0.040177   0.034301   0.027959   0.021090   0.013745   0.005917   -0.002291   -0.010967   -0.020057   -0.029451   -0.039080   -0.049021   -0.059546   -0.070520   -0.081522   -0.092394   -0.103045   -0.113104   -0.122526   -0.131596   -0.140383   -0.148798   -0.156669   -0.163755   -0.169828   -0.174846   -0.179088   -0.183056   -0.187208   -0.191798   -0.196964   -0.202781   
0.030495   0.038513   0.044853   0.048968   0.052458   0.055186   0.057534   0.059676   0.061479   0.062955   0.063733   0.063567   0.062285   0.060022   0.056984   0.053206   0.048710   0.043661   0.038036   0.031938   0.025278   0.018158   0.010526   0.002321   -0.006367   -0.015450   -0.024962   -0.034781   -0.044844   -0.055387   -0.066552   -0.078089   -0.089599   -0.101046   -0.112096   -0.122420   -0.132236   -0.141746   -0.150936   -0.159668   -0.167725   -0.174839   -0.180821   -0.185770   -0.190111   -0.194400   -0.199028   -0.204193   -0.210017   -0.216547   
0.031438   0.038413   0.042908   0.046594   0.049745   0.052455   0.054786   0.056956   0.058774   0.060364   0.061417   0.061565   0.060456   0.058345   0.055326   0.051450   0.046900   0.041674   0.035905   0.029526   0.022602   0.015222   0.007190   -0.001388   -0.010429   -0.019973   -0.029914   -0.040143   -0.050745   -0.061895   -0.073700   -0.085762   -0.097914   -0.109894   -0.121267   -0.131947   -0.142206   -0.152172   -0.161754   -0.170775   -0.178976   -0.186078   -0.191975   -0.196926   -0.201474   -0.206171   -0.211329   -0.217117   -0.223640   -0.230912   
0.030847   0.036092   0.040326   0.043738   0.046900   0.049565   0.052052   0.054174   0.056138   0.057760   0.059042   0.059472   0.058710   0.056672   0.053629   0.049754   0.045071   0.039740   0.033732   0.027172   0.020018   0.012224   0.003839   -0.005075   -0.014568   -0.024537   -0.034889   -0.045615   -0.056755   -0.068547   -0.080938   -0.093677   -0.106444   -0.118888   -0.130616   -0.141700   -0.152446   -0.162870   -0.172829   -0.182110   -0.190413   -0.197475   -0.203319   -0.208357   -0.213211   -0.218382   -0.224117   -0.230575   -0.237835   -0.245865   
0.028370   0.033355   0.037341   0.040676   0.043959   0.046762   0.049240   0.051534   0.053517   0.055275   0.056636   0.057436   0.056862   0.054957   0.051990   0.048040   0.043296   0.037773   0.031624   0.024822   0.017334   0.009265   0.000517   -0.008836   -0.018741   -0.029116   -0.039960   -0.051168   -0.062881   -0.075292   -0.088392   -0.101795   -0.115154   -0.128061   -0.140146   -0.151706   -0.162960   -0.173834   -0.184155   -0.193662   -0.202029   -0.209044   -0.214888   -0.220102   -0.225346   -0.231041   -0.237401   -0.244571   -0.252599   -0.261399   
0.025474   0.030248   0.034101   0.037698   0.040972   0.043931   0.046555   0.048948   0.051021   0.052825   0.054378   0.055296   0.055054   0.053293   0.050332   0.046380   0.041493   0.035874   0.029523   0.022424   0.014696   0.006248   -0.002874   -0.012623   -0.022921   -0.033783   -0.045094   -0.056781   -0.069079   -0.082240   -0.096025   -0.110098   -0.124080   -0.137388   -0.149887   -0.161975   -0.173743   -0.185061   -0.195723   -0.205423   -0.213822   -0.220806   -0.226711   -0.232191   -0.237892   -0.244156   -0.251185   -0.259108   -0.267926   -0.277502   
0.022329   0.026870   0.030911   0.034540   0.038008   0.041083   0.043908   0.046379   0.048560   0.050543   0.052094   0.053210   0.053190   0.051605   0.048725   0.044691   0.039761   0.033987   0.027381   0.020079   0.012009   0.003213   -0.006285   -0.016434   -0.027179   -0.038504   -0.050264   -0.062490   -0.075467   -0.089339   -0.103829   -0.118634   -0.133180   -0.146881   -0.159864   -0.172510   -0.184792   -0.196545   -0.207527   -0.217388   -0.225798   -0.232781   -0.238818   -0.244646   -0.250855   -0.257732   -0.265477   -0.274186   -0.283806   -0.294164   
0.018963   0.023419   0.027543   0.031454   0.035013   0.038324   0.041264   0.043924   0.046261   0.048241   0.049922   0.051098   0.051335   0.049963   0.047089   0.043075   0.038046   0.032064   0.025297   0.017693   0.009309   0.000163   -0.009712   -0.020262   -0.031484   -0.043254   -0.055504   -0.068333   -0.081995   -0.096573   -0.111865   -0.127377   -0.142442   -0.156559   -0.170094   -0.183310   -0.196104   -0.208283   -0.219561   -0.229551   -0.237968   -0.244992   -0.251235   -0.257481   -0.264241   -0.271777   -0.280279   -0.289801   -0.300232   -0.311376   
0.015464   0.019867   0.024239   0.028268   0.032093   0.035555   0.038720   0.041524   0.043936   0.046056   0.047763   0.049036   0.049514   0.048287   0.045523   0.041476   0.036297   0.030203   0.023177   0.015299   0.006600   -0.002896   -0.013178   -0.024155   -0.035809   -0.048059   -0.060853   -0.074289   -0.088640   -0.104007   -0.120111   -0.136317   -0.151861   -0.166448   -0.180582   -0.194373   -0.207676   -0.220269   -0.231820   -0.241911   -0.250345   -0.257459   -0.263982   -0.270704   -0.278056   -0.286297   -0.295593   -0.305946   -0.317194   -0.329129   
0.012114   0.016484   0.020857   0.025151   0.029152   0.032871   0.036216   0.039134   0.041720   0.043880   0.045676   0.047057   0.047651   0.046676   0.043973   0.039848   0.034614   0.028311   0.021055   0.012901   0.003887   -0.005958   -0.016641   -0.028083   -0.040179   -0.052957   -0.066289   -0.080336   -0.095456   -0.111636   -0.128565   -0.145441   -0.161444   -0.176568   -0.191327   -0.205697   -0.219506   -0.232501   -0.244298   -0.254469   -0.262943   -0.270202   -0.277077   -0.284321   -0.292308   -0.301295   -0.311417   -0.322614   -0.334684   -0.347419   
0.009061   0.013178   0.017592   0.022015   0.026286   0.030215   0.033709   0.036843   0.039505   0.041774   0.043683   0.045084   0.045809   0.045076   0.042393   0.038287   0.032902   0.026422   0.018934   0.010504   0.001180   -0.009069   -0.020161   -0.032053   -0.044632   -0.057922   -0.071789   -0.086529   -0.102423   -0.119471   -0.137222   -0.154734   -0.171204   -0.186931   -0.202329   -0.217279   -0.231591   -0.244973   -0.256991   -0.267232   -0.275776   -0.283238   -0.290529   -0.298336   -0.307003   -0.316776   -0.327748   -0.339795   -0.352695   -0.366239   
0.006479   0.010287   0.014440   0.018973   0.023442   0.027546   0.031292   0.034541   0.037347   0.039760   0.041696   0.043166   0.044084   0.043442   0.040881   0.036698   0.031201   0.024538   0.016818   0.008124   -0.001571   -0.012200   -0.023712   -0.036010   -0.049142   -0.062931   -0.077410   -0.092850   -0.109554   -0.127515   -0.146080   -0.164186   -0.181161   -0.197542   -0.213584   -0.229118   -0.243929   -0.257683   -0.269896   -0.280209   -0.288859   -0.296584   -0.304346   -0.312756   -0.322144   -0.332740   -0.344579   -0.357485   -0.371223   -0.385585   
0.004256   0.007805   0.011682   0.016015   0.020587   0.024956   0.028857   0.032285   0.035278   0.037745   0.039764   0.041388   0.042291   0.041870   0.039340   0.035126   0.029506   0.022662   0.014702   0.005704   -0.004338   -0.015353   -0.027300   -0.040069   -0.053685   -0.068036   -0.083133   -0.099304   -0.116861   -0.135765   -0.155131   -0.173796   -0.191333   -0.208402   -0.225092   -0.241212   -0.256518   -0.270626   -0.283012   -0.293410   -0.302203   -0.310252   -0.318533   -0.327587   -0.337736   -0.349184   -0.361904   -0.375676   -0.390261   -0.405454   
0.002491   0.005702   0.009201   0.013204   0.017826   0.022349   0.026456   0.030115   0.033196   0.035780   0.037970   0.039562   0.040578   0.040265   0.037819   0.033562   0.027822   0.020796   0.012604   0.003274   -0.007091   -0.018476   -0.030863   -0.044176   -0.058311   -0.073220   -0.088961   -0.105894   -0.124357   -0.144217   -0.164365   -0.183571   -0.201730   -0.219509   -0.236852   -0.253560   -0.269355   -0.283798   -0.296342   -0.306842   -0.315820   -0.324253   -0.333096   -0.342832   -0.353780   -0.366107   -0.379717   -0.394364   -0.409806   -0.425844   
0.001018   0.004014   0.007149   0.010737   0.015112   0.019774   0.024138   0.027920   0.031157   0.033945   0.036127   0.037827   0.038851   0.038673   0.036306   0.032009   0.026153   0.018948   0.010474   0.000838   -0.009862   -0.021682   -0.034523   -0.048334   -0.063003   -0.078486   -0.094899   -0.112627   -0.132051   -0.152868   -0.173771   -0.193521   -0.212361   -0.230861   -0.248863   -0.266161   -0.282438   -0.297196   -0.309889   -0.320514   -0.329723   -0.338596   -0.348039   -0.358496   -0.370277   -0.383504   -0.398012   -0.413545   -0.429854   -0.446751   
-0.000217   0.002607   0.005397   0.008567   0.012563   0.017250   0.021791   0.025760   0.029239   0.032055   0.034325   0.036090   0.037158   0.037092   0.034805   0.030473   0.024481   0.017076   0.008343   -0.001559   -0.012681   -0.024917   -0.038223   -0.052514   -0.067761   -0.083840   -0.100950   -0.119509   -0.139944   -0.161714   -0.183337   -0.203661   -0.223229   -0.242456   -0.261124   -0.279013   -0.295763   -0.310819   -0.323659   -0.334434   -0.343921   -0.353286   -0.363367   -0.374582   -0.387228   -0.401369   -0.416786   -0.433214   -0.450403   -0.468174   
-0.001308   0.001355   0.003927   0.006716   0.010280   0.014823   0.019472   0.023716   0.027261   0.030201   0.032611   0.034391   0.035502   0.035517   0.033317   0.028944   0.022841   0.015205   0.006230   -0.004021   -0.015520   -0.028182   -0.041964   -0.056778   -0.072588   -0.089282   -0.107116   -0.126551   -0.148034   -0.170750   -0.193060   -0.214001   -0.234333   -0.254294   -0.273635   -0.292116   -0.309329   -0.324664   -0.337659   -0.348610   -0.358425   -0.368329   -0.379082   -0.391090   -0.404630   -0.419697   -0.436035   -0.453369   -0.471450   -0.490111   
-0.002299   0.000271   0.002646   0.005152   0.008321   0.012465   0.017275   0.021606   0.025312   0.028428   0.030884   0.032729   0.033874   0.033956   0.031846   0.027444   0.021178   0.013333   0.004112   -0.006499   -0.018354   -0.031449   -0.045720   -0.061099   -0.077487   -0.094818   -0.113401   -0.133762   -0.156320   -0.179973   -0.202939   -0.224551   -0.245673   -0.266374   -0.286395   -0.305468   -0.323133   -0.338731   -0.351892   -0.363050   -0.373244   -0.383729   -0.395189   -0.408023   -0.422480   -0.438486   -0.455754   -0.474006   -0.492994   -0.512560   
-0.003220   -0.000743   0.001495   0.003851   0.006583   0.010343   0.015025   0.019520   0.023437   0.026639   0.029191   0.031100   0.032275   0.032416   0.030401   0.025926   0.019522   0.011514   0.001958   -0.008992   -0.021236   -0.034779   -0.049551   -0.065480   -0.082458   -0.100449   -0.119807   -0.141150   -0.164798   -0.189375   -0.212983   -0.235317   -0.257247   -0.278697   -0.299404   -0.319068   -0.337172   -0.353022   -0.366364   -0.377762   -0.388386   -0.399489   -0.411688   -0.425379   -0.440776   -0.457731   -0.475942   -0.495123   -0.515032   -0.535519   
-0.004007   -0.001673   0.000496   0.002643   0.005132   0.008442   0.012835   0.017507   0.021541   0.024876   0.027530   0.029495   0.030708   0.030886   0.028939   0.024418   0.017919   0.009637   -0.000205   -0.011471   -0.024144   -0.038146   -0.053431   -0.069922   -0.087504   -0.106177   -0.126338   -0.148721   -0.173465   -0.198947   -0.223199   -0.246304   -0.269055   -0.291261   -0.312660   -0.332914   -0.351445   -0.367542   -0.381079   -0.392752   -0.403857   -0.415611   -0.428582   -0.443160   -0.459514   -0.477429   -0.496594   -0.516717   -0.537563   -0.558986   
-0.004709   -0.002464   -0.000465   0.001584   0.003865   0.006725   0.010792   0.015474   0.019668   0.023139   0.025890   0.027919   0.029170   0.029396   0.027487   0.022937   0.016265   0.007756   -0.002350   -0.013995   -0.027078   -0.041551   -0.057361   -0.074427   -0.092628   -0.112005   -0.133000   -0.156475   -0.182321   -0.208678   -0.233595   -0.257515   -0.281095   -0.304067   -0.326164   -0.347004   -0.365950   -0.382291   -0.396043   -0.408028   -0.419661   -0.432097   -0.445871   -0.461364   -0.478691   -0.497578   -0.517710   -0.538787   -0.560585   -0.582962   
-0.005288   -0.003183   -0.001342   0.000614   0.002689   0.005263   0.008858   0.013471   0.017816   0.021427   0.024273   0.026374   0.027673   0.027895   0.026042   0.021466   0.014612   0.005870   -0.004532   -0.016538   -0.030042   -0.044995   -0.061343   -0.078997   -0.097831   -0.117934   -0.139800   -0.164412   -0.191362   -0.218565   -0.244179   -0.268949   -0.293368   -0.317114   -0.339913   -0.361336   -0.380685   -0.397275   -0.411260   -0.423598   -0.435803   -0.448950   -0.463556   -0.479991   -0.498303   -0.518175   -0.539285   -0.561331   -0.584097   -0.607443   
-0.005761   -0.003797   -0.002037   -0.000325   0.001658   0.003936   0.007102   0.011508   0.015986   0.019729   0.022680   0.024845   0.026173   0.026413   0.024657   0.019970   0.012957   0.004009   -0.006727   -0.019101   -0.033035   -0.048480   -0.065378   -0.083632   -0.103115   -0.123967   -0.146745   -0.172530   -0.200585   -0.228603   -0.254955   -0.280606   -0.305872   -0.330402   -0.353908   -0.375909   -0.395650   -0.412494   -0.426735   -0.439469   -0.452283   -0.466170   -0.481637   -0.499039   -0.518348   -0.539217   -0.561319   -0.584347   -0.608097   -0.632430   
-0.006184   -0.004233   -0.002711   -0.001140   0.000666   0.002745   0.005526   0.009607   0.014173   0.018049   0.021112   0.023361   0.024697   0.024967   0.023225   0.018477   0.011331   0.002113   -0.008936   -0.021686   -0.036060   -0.052008   -0.069466   -0.088334   -0.108483   -0.130105   -0.153844   -0.180827   -0.209988   -0.238797   -0.265930   -0.292485   -0.318608   -0.343931   -0.368147   -0.390722   -0.410846   -0.427953   -0.442474   -0.455646   -0.469104   -0.483759   -0.500115   -0.518505   -0.538824   -0.560703   -0.583809   -0.607835   -0.632586   -0.657921   
-0.006521   -0.004686   -0.003246   -0.001898   -0.000258   0.001660   0.004120   0.007807   0.012377   0.016392   0.019577   0.021871   0.023237   0.023539   0.021798   0.017015   0.009676   0.000209   -0.011159   -0.024294   -0.039117   -0.055579   -0.073611   -0.093104   -0.113935   -0.136349   -0.161100   -0.189301   -0.219564   -0.249150   -0.277107   -0.304586   -0.331575   -0.357701   -0.382630   -0.405773   -0.426273   -0.443654   -0.458482   -0.472135   -0.486267   -0.501717   -0.518990   -0.538387   -0.559728   -0.582631   -0.606755   -0.631793   -0.657561   -0.683916   

